High density plan:
05-28:146,1348,829,53,127,49
05-29:31,215,528,139,695,981,176,41,1010,33
05-30:443,696,759,17,1209
05-31:811,22,221,269,11
06-01:937,14,680,1448,739,54,48,238,347,79,1152,88,236,1235,843
06-02:140,1428,227,322,297,394,332,767,341,210,547,706,642,283,124
06-03:362,138,740,10,177,21,420,13,25,289,692,16,50,76,67
06-04:412,12,721,621,212,37,994,1326,244,207
06-05:445,234,199,38,631
06-06:44,125,155,543,387

Progress:
06-01:937,14,680,1448,739,54,48,238,347,79,1152,88,236
06-02:140,1428,227,322
